20 100
0 3
0 4
0 10
0 13
0 14
0 16
1 6
1 9
1 14
2 0
2 1
2 6
2 7
2 8
2 9
2 13
2 16
2 18
3 2
3 6
3 15
4 0
4 6
4 9
4 12
4 18
5 0
5 3
5 6
5 7
5 13
5 17
5 18
6 1
6 14
6 16
7 2
7 4
7 8
7 15
7 19
8 14
8 16
8 18
9 2
9 6
9 8
9 12
9 13
9 15
9 17
10 2
10 15
10 16
11 1
11 6
11 7
11 8
11 16
12 1
12 4
12 7
12 8
12 11
12 18
13 0
13 3
13 7
13 8
13 17
13 18
14 6
14 10
14 13
14 16
14 17
15 0
15 6
15 12
16 0
16 4
16 5
16 17
17 4
17 6
17 7
17 8
18 7
18 8
18 12
18 13
18 14
19 0
19 2
19 6
19 7
19 12
19 13
19 14
19 18

