20 200
0 2
0 4
0 5
0 6
0 7
0 9
0 11
0 12
0 13
0 14
0 15
0 17
0 19
1 0
1 2
1 3
1 4
1 5
1 6
1 7
1 11
1 12
1 14
1 15
1 16
2 4
2 7
2 8
2 10
2 12
2 13
2 14
2 15
2 16
2 17
3 0
3 1
3 2
3 4
3 6
3 7
3 8
3 10
3 12
3 16
4 0
4 2
4 5
4 7
4 8
4 15
4 16
5 4
5 6
5 7
5 8
5 13
5 14
5 15
5 16
5 18
5 19
6 0
6 3
6 8
6 10
6 11
6 12
6 13
6 14
6 17
6 19
7 0
7 1
7 2
7 4
7 6
7 8
7 11
7 12
7 13
7 14
7 15
7 17
7 19
8 1
8 5
8 9
8 11
8 13
8 14
8 17
8 18
8 19
9 4
9 5
9 7
9 11
9 14
9 15
9 16
9 19
10 1
10 2
10 3
10 6
10 7
10 8
10 9
10 12
10 13
10 14
10 15
10 17
10 18
10 19
11 5
11 8
11 10
11 15
11 16
11 18
12 0
12 6
12 8
12 14
12 16
12 19
13 0
13 1
13 2
13 5
13 7
13 9
13 10
13 15
13 16
13 18
14 1
14 2
14 3
14 4
14 7
14 9
14 10
14 11
14 13
14 15
14 16
14 17
14 19
15 1
15 2
15 3
15 6
15 7
15 8
15 12
15 13
15 14
15 16
15 18
16 2
16 3
16 6
16 7
16 8
16 9
16 13
16 14
16 17
16 18
17 0
17 1
17 2
17 4
17 5
17 6
17 10
17 12
17 15
17 18
17 19
18 0
18 2
18 3
18 6
18 9
18 12
18 13
19 2
19 4
19 5
19 6
19 7
19 9
19 11
19 12
19 13
19 17

