20 1000 1000
5 18 88
8 15 105
5 5 26
15 5 92
6 6 104
13 0 135
5 14 73
16 10 39
19 12 63
7 16 0
10 4 6
3 7 9
1 14 28
16 5 84
4 15 101
17 17 23
7 6 125
16 8 55
13 15 153
13 6 111
17 7 68
9 2 88
18 6 155
16 17 106
18 7 76
16 6 149
16 15 167
5 1 48
1 17 132
0 14 78
19 12 189
19 13 89
6 18 10
3 16 78
9 1 158
7 13 39
7 9 190
18 14 171
8 6 181
2 3 144
19 17 174
4 8 194
19 3 149
7 6 7
16 6 21
16 13 82
15 8 84
0 1 63
10 19 187
8 7 68
13 0 86
7 19 24
9 6 161
14 11 72
8 9 125
13 0 87
12 11 100
7 3 199
10 11 78
18 7 26
17 12 139
1 4 50
1 18 82
6 0 9
3 3 88
18 2 101
0 18 79
19 10 109
1 14 186
3 3 146
1 17 156
6 15 67
13 12 27
18 15 112
12 2 49
16 8 97
9 18 148
0 5 116
17 13 53
14 7 3
14 13 175
11 13 95
16 10 33
9 13 156
4 0 134
16 10 85
2 11 113
13 11 54
14 17 166
3 3 195
6 17 26
0 3 102
14 8 140
12 14 90
19 5 156
11 5 20
1 14 170
8 1 136
17 8 33
11 8 78
1 2 120
12 10 100
1 11 16
12 12 46
8 16 143
10 1 21
4 3 0
12 3 10
6 19 18
4 10 156
11 5 178
15 19 61
1 17 142
12 1 174
7 7 9
1 16 92
5 18 74
7 17 60
4 16 151
2 12 19
19 17 124
12 5 140
14 17 5
6 3 32
5 2 140
8 19 54
1 10 131
5 6 48
11 8 125
14 8 48
17 11 176
8 2 108
14 0 26
11 18 78
1 6 170
2 11 32
15 2 175
6 4 125
0 16 14
19 8 182
15 4 166
15 2 106
2 15 80
10 11 80
4 7 0
2 5 109
17 12 73
13 1 177
15 1 159
4 2 151
15 18 84
11 17 48
18 6 41
15 7 128
12 2 199
9 10 165
13 15 187
14 8 60
4 5 35
9 19 33
15 9 162
17 1 49
4 17 186
1 11 12
1 19 172
6 8 1
2 0 122
9 18 150
18 4 45
6 11 10
12 9 160
3 10 169
1 18 109
4 18 189
2 2 2
14 3 115
11 19 122
14 8 89
15 11 14
3 6 59
7 13 128
0 4 100
4 6 171
4 6 38
0 3 107
14 4 1
2 4 116
1 4 175
10 4 35
5 2 105
6 9 140
2 8 12
16 16 42
14 3 134
6 12 81
9 9 190
1 13 185
2 1 189
2 3 129
18 0 42
18 15 105
8 0 17
10 12 66
9 13 92
19 15 9
11 18 16
3 5 159
17 2 123
18 12 67
11 18 18
0 15 78
7 3 83
0 5 24
8 19 105
1 1 116
3 14 121
5 9 66
10 2 32
2 9 86
17 3 26
11 12 163
19 10 164
17 5 156
3 4 26
13 6 91
10 14 142
2 18 6
10 13 103
19 14 49
17 13 67
6 8 58
8 5 38
4 12 105
1 9 58
2 9 100
10 17 129
13 7 139
8 11 154
5 8 197
3 16 127
18 10 116
13 12 17
15 16 199
5 19 95
7 12 143
12 17 112
3 4 107
13 16 13
0 5 52
8 16 101
11 4 33
1 13 141
10 19 17
17 11 164
7 16 65
8 12 128
10 2 119
4 14 173
3 18 61
15 16 9
9 8 62
17 6 129
4 17 31
1 7 155
9 3 27
5 2 43
18 12 169
3 17 23
5 12 123
13 3 67
14 13 184
13 12 21
16 9 3
2 7 53
13 0 140
2 16 137
12 7 172
4 7 119
17 18 181
2 14 142
10 10 99
1 0 158
15 10 68
16 0 107
14 12 166
13 9 182
5 13 43
0 11 198
2 17 153
3 1 78
12 2 88
15 6 117
16 8 96
2 16 90
9 19 51
16 16 56
8 6 91
18 10 49
12 2 75
1 12 43
3 2 65
16 7 24
5 18 155
3 12 64
8 3 38
8 9 65
6 1 40
5 1 73
13 18 140
3 0 141
3 1 28
19 6 110
4 14 74
11 18 67
12 15 135
19 7 68
14 13 136
19 12 178
0 0 192
7 13 83
10 17 12
7 2 8
3 0 17
0 9 22
15 10 37
2 1 20
4 5 102
0 13 70
5 19 65
10 10 164
11 11 172
15 11 174
4 6 194
0 9 163
1 10 163
17 5 108
13 1 179
13 6 115
5 17 125
19 8 145
3 18 17
16 3 157
13 0 148
6 12 188
15 0 187
17 14 144
19 6 188
16 13 54
19 9 174
14 7 0
2 13 76
3 14 4
12 4 20
9 13 10
0 16 62
8 19 173
5 2 151
12 6 169
0 0 44
9 14 185
5 6 156
0 0 169
1 12 17
0 8 156
4 10 196
3 2 192
2 18 18
14 13 62
16 17 156
15 18 118
18 10 161
4 8 30
9 5 124
1 17 135
9 11 65
9 8 74
19 12 95
4 9 162
10 18 101
4 10 93
7 13 25
1 5 58
11 15 128
16 16 72
9 8 54
5 14 48
15 2 128
14 7 8
17 12 1
9 9 199
2 8 138
8 4 136
13 3 6
3 12 43
5 11 126
11 7 81
18 16 59
7 16 180
4 13 17
10 3 158
2 1 79
19 1 31
1 14 89
16 18 30
17 3 57
0 8 61
6 11 110
2 7 16
3 10 180
4 6 97
4 15 111
17 2 69
9 2 195
15 19 94
19 16 103
14 11 178
19 18 154
2 2 25
18 6 142
5 10 127
8 0 176
18 6 6
6 7 192
17 16 152
2 5 136
18 8 4
3 12 187
19 4 20
5 10 110
4 10 96
4 14 158
0 7 3
11 13 23
16 17 7
6 7 117
15 6 141
6 14 147
1 19 155
0 6 168
6 4 42
12 7 125
3 16 30
2 6 183
18 14 162
2 0 105
2 2 139
4 15 160
11 17 80
3 9 144
16 5 93
15 19 42
14 9 149
5 19 175
14 13 168
7 14 88
0 16 49
1 16 18
18 18 182
12 12 107
15 5 124
15 10 100
13 6 7
6 9 74
6 5 84
7 8 16
6 16 97
12 4 28
7 4 187
3 1 123
3 7 190
19 2 65
14 12 0
15 9 179
0 13 3
12 16 112
17 15 72
19 5 184
5 15 157
12 0 126
10 15 51
11 18 198
3 14 93
4 10 60
15 1 17
8 11 184
0 7 129
3 5 189
3 16 176
15 8 61
13 15 118
18 2 139
15 3 35
10 1 90
2 7 76
19 14 157
4 15 28
15 11 154
6 3 152
13 2 124
6 13 158
15 11 153
1 10 33
5 10 33
15 8 177
5 4 85
3 5 8
10 12 178
12 13 68
7 11 108
8 6 185
15 12 88
10 10 125
0 7 180
14 4 148
11 16 71
1 0 60
14 4 153
17 9 72
8 3 45
2 8 27
18 15 31
4 11 27
0 6 113
11 14 113
3 13 108
17 19 73
8 18 144
12 8 84
6 7 139
14 18 30
11 3 64
1 13 157
14 14 68
18 2 133
8 19 100
2 13 48
11 4 46
15 6 191
18 18 69
7 19 73
7 2 179
13 11 112
6 9 184
19 3 79
9 17 26
18 3 181
18 14 171
13 14 138
1 17 15
15 2 57
11 5 139
5 16 85
19 5 51
7 11 37
13 3 157
4 16 104
9 11 16
11 0 36
19 9 123
17 6 114
2 12 40
9 11 7
9 13 183
2 12 131
10 11 28
19 0 11
13 15 65
1 5 181
16 0 148
8 17 98
17 15 52
15 14 109
18 8 188
6 2 147
3 18 132
13 18 193
11 8 2
14 1 126
11 2 174
16 4 79
8 2 8
5 10 135
5 19 70
18 13 189
13 19 88
1 18 151
14 5 8
14 19 38
12 18 61
17 11 50
4 3 181
12 0 158
10 14 82
4 16 178
9 9 35
14 14 194
15 13 25
15 10 112
18 15 79
10 8 94
19 19 171
4 7 22
15 9 148
12 3 45
2 12 105
10 16 12
11 1 199
17 8 74
17 14 43
6 19 130
14 13 0
5 7 106
0 7 129
11 6 46
0 11 59
18 18 22
17 1 178
15 13 174
15 18 33
18 18 162
8 19 162
2 2 193
5 3 23
2 3 154
12 0 5
4 15 149
15 5 183
12 13 5
10 19 155
13 6 8
14 19 91
19 4 49
11 5 26
10 1 53
9 11 109
6 12 152
8 9 39
10 11 78
7 12 180
12 2 72
5 5 5
8 10 47
16 0 13
7 2 69
6 5 22
9 6 70
10 8 143
18 15 87
4 9 51
0 10 24
2 5 15
8 18 9
7 13 174
15 4 120
15 2 28
0 12 172
11 3 183
19 2 62
11 5 31
3 15 90
1 1 60
10 7 146
18 19 32
0 18 146
8 2 96
1 13 133
3 9 97
7 3 83
8 10 94
1 2 98
11 4 90
6 1 104
0 1 32
1 8 99
19 12 13
16 13 192
11 14 16
3 14 10
6 5 166
13 10 19
11 14 168
13 19 32
17 7 62
16 19 102
5 9 64
19 11 142
14 19 55
5 7 121
12 4 180
9 4 51
19 8 104
15 3 175
1 0 30
0 5 85
13 15 57
14 7 83
13 1 155
4 6 64
11 4 141
18 3 187
19 5 61
18 1 193
16 2 53
3 15 85
8 14 105
15 8 167
4 12 121
6 4 120
16 16 199
11 7 188
4 3 131
12 14 96
4 14 126
13 3 141
11 15 124
4 4 142
18 9 32
12 6 149
4 5 126
19 12 129
12 9 91
18 15 60
17 2 62
8 8 126
14 16 55
13 8 120
6 13 43
9 15 13
5 3 198
12 5 34
18 11 134
2 3 161
11 17 137
4 0 89
10 14 172
0 16 64
7 19 42
14 12 187
14 7 22
10 4 16
6 5 198
7 0 95
7 6 154
13 1 17
4 9 196
1 4 166
4 4 90
3 2 66
18 9 26
4 18 163
12 7 189
14 13 64
4 2 27
5 19 58
16 12 8
12 15 39
19 7 191
19 17 62
6 11 114
15 10 198
3 15 70
17 11 140
9 15 8
13 4 173
11 15 20
10 16 162
10 10 113
16 16 125
16 5 176
13 15 12
18 2 8
3 12 97
5 2 70
9 11 174
11 0 20
13 11 111
8 1 162
0 18 186
11 17 127
9 2 123
9 9 68
2 12 56
16 14 59
14 9 168
9 17 27
6 0 24
9 6 53
12 18 72
1 5 194
6 2 193
9 7 121
14 2 134
0 13 33
13 14 45
12 7 30
8 15 118
6 6 197
0 19 110
3 3 190
11 5 143
15 12 125
18 7 153
15 19 172
12 13 166
11 2 131
15 13 185
3 16 13
2 12 17
15 17 56
8 3 82
3 0 100
10 13 103
3 7 81
3 0 36
17 2 123
16 17 80
8 5 33
16 4 110
1 10 0
13 3 104
16 18 57
7 6 155
15 3 15
16 6 5
12 10 58
7 19 128
8 8 41
12 8 95
1 14 34
8 1 147
18 16 67
12 16 145
16 12 47
5 0 130
3 12 190
7 17 84
1 15 0
1 16 141
10 19 10
17 4 143
13 18 60
16 6 196
12 15 193
9 9 85
5 3 79
17 4 190
13 3 29
13 6 73
3 19 85
15 16 60
15 18 43
1 17 26
18 18 43
14 4 193
11 14 62
10 15 182
8 7 160
3 6 121
2 17 42
15 1 54
5 4 70
11 1 23
10 9 133
13 0 47
13 17 113
11 4 134
19 3 16
14 7 35
2 15 106
6 4 127
2 18 81
18 0 50
13 10 15
14 8 0
13 8 86
7 10 176
13 7 114
19 0 64
3 8 20
16 11 182
17 16 172
18 8 75
11 15 121
6 9 95
8 5 79
15 0 125
14 12 176
16 15 53
8 16 40
9 5 168
0 13 178
7 19 48
3 9 135
14 19 0
11 0 25
18 5 23
14 16 152
19 3 7
19 8 103
2 5 186
9 14 54
13 2 130
13 17 62
7 18 187
19 9 19
12 15 161
12 11 13
18 17 176
3 10 7
0 9 139
15 16 107
12 2 101
5 11 0
4 6 159
14 5 10
19 18 142
5 13 136
16 3 113
0 0 19
15 14 60
5 18 73
17 17 5
10 15 22
15 7 199
18 11 109
0 4 1
14 4 176
3 2 51
5 15 174
1 17 154
1 15 112
15 3 112
14 5 197
2 13 182
3 2 94
9 17 166
3 13 60
1 9 140
16 6 108
15 13 6
11 1 90
11 12 69
13 14 196
16 19 16
0 11 159
13 2 106
4 19 195
11 16 48
17 0 29
3 2 13
9 9 169
12 10 88
5 5 190
12 5 192
12 9 136
6 3 46
12 6 147
4 14 167
3 1 149
13 19 76
0 18 15
8 5 184
13 16 198
2 11 142
8 2 53
10 19 152
17 3 68
12 0 125
0 15 99
8 4 6
14 9 86
6 2 102
8 1 26
11 19 140
0 7 133
6 10 64
1 18 0
14 0 6
4 19 75
19 5 148
6 3 8
16 15 60
8 17 199
10 15 40
9 0 70
10 17 171
1 4 117
13 8 36
8 16 29
4 4 199
3 15 126
14 15 40
18 1 121
12 17 127
13 6 172
8 1 185
9 15 30
12 19 111
7 14 172
6 18 89
