200 2000 1000
157 100 114
179 117 105
125 138 186
38 89 136
55 63 1
175 1 15
89 42 70
168 75 15
101 140 152
65 174 106
153 0 161
151 5 56
61 143 37
130 188 38
172 115 10
155 54 21
144 167 196
167 84 53
197 112 183
142 83 0
51 62 155
102 135 198
194 5 120
96 176 33
106 187 37
112 22 82
196 182 63
112 57 159
16 112 50
145 51 49
93 138 142
173 127 54
156 104 70
149 62 63
143 10 96
137 199 109
140 70 140
136 190 35
128 68 81
52 155 107
10 116 106
107 77 131
7 18 100
34 34 43
126 24 25
191 70 91
78 139 112
62 92 39
135 12 42
25 133 24
170 56 69
6 185 187
116 35 133
151 50 64
89 125 176
58 132 46
158 15 174
180 169 89
145 149 51
28 49 0
116 5 127
3 72 150
162 35 9
33 178 123
108 62 66
173 152 93
154 185 5
172 155 171
57 146 52
180 129 146
59 88 153
122 117 54
121 25 83
18 171 166
37 147 198
60 180 159
93 40 109
117 188 21
184 88 72
173 156 116
95 130 168
49 19 199
173 17 19
82 44 91
36 47 79
116 31 100
195 54 179
29 127 82
112 140 163
116 136 68
83 67 179
188 90 51
194 86 91
195 136 166
2 166 10
40 173 36
54 125 10
159 146 105
102 108 9
13 152 112
100 3 195
151 29 55
92 13 131
127 132 187
49 186 110
46 115 159
131 174 95
194 43 54
39 78 172
57 196 171
170 6 71
65 163 120
87 97 195
4 157 178
49 152 174
65 80 82
75 187 72
137 82 7
138 62 25
186 161 4
170 74 123
126 22 112
17 72 16
182 108 109
145 143 103
160 10 190
57 5 84
197 80 52
196 52 34
196 57 43
59 54 113
6 95 2
10 23 11
142 107 44
163 84 27
115 24 12
36 9 45
84 59 58
138 172 78
63 58 94
143 22 58
195 25 104
114 29 184
62 73 189
37 117 53
80 88 7
39 99 115
193 101 172
82 156 195
175 47 50
49 37 46
18 120 14
184 173 48
52 183 137
69 15 40
15 76 131
90 60 102
126 78 112
182 163 103
125 127 1
1 72 99
175 198 149
192 145 33
17 23 53
197 41 77
197 92 134
182 132 115
5 4 126
62 190 195
134 54 116
176 54 24
75 138 150
81 6 184
41 82 2
64 87 149
54 40 130
155 42 120
70 3 39
107 25 158
28 159 15
93 189 58
43 62 197
170 184 142
187 10 114
102 178 23
107 187 23
23 129 71
46 148 78
87 39 6
185 29 164
24 136 30
114 177 6
86 166 123
19 107 37
138 157 118
128 50 85
10 76 152
94 41 83
104 73 57
176 59 28
119 69 52
27 32 85
31 43 136
77 173 81
48 35 192
139 189 90
100 13 149
160 18 64
189 144 88
65 159 17
111 89 69
82 24 5
81 61 137
108 102 90
85 95 73
136 80 174
90 133 97
183 192 8
17 142 139
62 37 92
162 121 33
0 15 175
38 63 16
11 57 167
160 118 144
27 35 153
23 139 122
91 113 182
121 187 108
125 140 151
124 3 154
156 146 158
41 97 21
163 176 62
71 132 105
198 46 103
56 127 198
85 123 190
62 38 69
102 160 117
93 103 183
75 18 71
5 129 12
157 100 51
175 113 143
108 173 103
187 192 137
111 51 156
0 162 25
195 179 138
162 62 191
185 167 86
119 137 126
29 92 13
146 1 181
131 132 160
143 188 150
129 189 22
13 136 40
192 8 136
99 153 179
56 166 35
119 171 121
26 172 158
139 156 182
166 86 180
104 99 131
157 191 139
55 43 188
174 64 96
168 171 193
27 138 130
91 116 55
52 32 17
149 104 95
32 118 86
180 63 48
44 72 161
98 84 161
140 122 198
69 99 128
128 86 106
195 163 177
14 138 176
198 11 167
38 99 94
28 169 36
57 28 56
145 107 189
169 109 148
35 4 187
86 22 112
37 108 141
189 133 75
170 190 53
13 81 163
7 135 78
10 28 190
102 80 190
107 106 5
157 187 27
32 153 117
70 64 127
10 39 73
9 146 77
86 3 139
75 31 118
68 60 178
47 48 193
117 22 117
134 121 149
119 84 0
120 76 167
183 115 199
140 134 12
107 178 22
14 182 86
61 37 83
68 136 105
48 143 22
128 82 27
149 163 70
130 77 2
197 142 38
146 181 32
85 111 40
196 178 17
73 73 130
127 118 93
138 100 76
97 86 107
58 16 65
62 86 83
83 133 168
152 121 39
128 11 132
176 114 184
33 65 143
85 142 133
79 17 72
15 65 58
24 136 72
23 98 186
112 34 48
73 9 163
20 180 108
64 195 134
63 48 54
70 30 4
68 47 120
188 93 143
128 123 154
169 133 75
82 97 134
152 94 118
122 132 4
120 93 67
160 157 86
47 169 98
21 120 164
130 42 92
146 86 145
99 117 9
87 89 15
79 155 70
107 41 114
102 82 124
135 31 101
29 31 145
196 83 142
73 65 165
44 153 194
63 174 136
40 171 179
182 92 64
87 91 171
173 4 57
147 39 167
165 176 50
150 40 96
6 138 55
26 177 14
73 23 11
161 49 108
166 131 126
124 103 88
65 109 165
77 142 67
31 146 88
56 92 194
41 150 113
65 146 189
1 193 175
90 129 67
65 10 158
183 55 75
184 176 65
3 49 57
163 106 196
155 149 160
184 173 50
58 77 194
142 143 143
117 110 157
46 153 177
128 14 129
8 79 154
169 77 142
131 199 157
194 124 65
71 31 11
158 124 65
3 195 128
130 81 17
61 117 147
193 127 102
20 102 46
15 127 14
96 59 46
31 193 174
196 128 159
11 106 175
156 91 87
39 160 158
97 116 118
194 86 2
13 173 133
151 64 55
44 136 151
33 66 4
69 117 60
108 76 192
56 109 49
117 51 9
177 59 162
101 166 101
178 133 131
82 140 149
105 118 193
166 10 91
179 169 79
96 162 141
61 60 161
17 102 184
12 109 106
25 24 127
44 81 170
22 162 16
105 124 133
3 171 36
107 92 73
106 184 59
67 95 136
59 48 143
70 158 46
147 143 88
116 136 52
80 119 29
116 110 87
105 191 63
47 50 194
42 9 92
179 103 48
121 25 87
166 69 81
176 76 173
199 95 104
59 34 42
35 144 84
31 169 5
181 125 6
46 143 188
126 146 105
28 85 5
21 144 77
183 87 81
178 25 21
109 71 121
40 136 186
173 29 19
66 159 20
112 151 58
196 103 193
196 158 112
123 9 166
137 2 127
72 29 177
138 134 19
75 10 184
72 162 111
78 34 19
12 2 37
91 134 96
117 10 59
48 183 0
166 103 55
128 121 101
120 109 170
133 195 68
55 18 20
123 81 165
82 179 79
72 69 184
169 89 193
128 97 6
32 83 166
153 66 166
49 167 25
113 74 3
169 179 121
179 170 80
78 26 132
3 0 132
150 181 105
131 121 29
123 189 54
47 8 198
1 125 0
193 190 138
93 118 119
131 54 135
42 107 100
163 175 137
21 12 186
117 32 105
76 110 115
46 183 82
66 37 8
177 190 54
33 117 76
186 140 104
22 130 163
181 130 57
40 88 24
59 134 16
34 90 119
121 179 148
126 63 48
8 70 39
52 184 154
156 135 186
89 54 191
142 0 126
108 85 34
129 82 131
73 30 36
193 38 197
7 67 158
90 146 172
166 123 24
5 46 137
136 91 21
184 57 63
188 95 66
43 38 170
140 53 133
149 145 29
103 176 80
39 114 29
15 32 118
97 31 0
168 150 14
27 71 48
137 43 197
50 105 199
48 109 171
34 151 139
104 166 53
89 59 15
61 166 168
161 170 66
56 173 101
196 27 149
160 73 177
77 167 30
119 105 136
76 195 11
20 148 102
153 146 76
93 92 182
190 22 106
196 108 131
162 141 173
109 19 117
153 33 116
24 161 74
106 136 29
56 137 94
76 31 30
135 10 136
164 52 199
61 137 135
107 100 93
98 45 81
113 187 122
49 162 74
129 146 33
189 100 192
119 84 196
198 27 143
46 82 146
87 194 18
183 41 167
188 120 1
18 182 96
113 130 0
39 108 161
135 65 131
27 121 31
174 122 156
16 40 61
8 43 198
122 76 24
89 127 21
50 40 155
99 23 177
184 161 105
54 95 116
138 14 158
56 66 160
55 62 150
48 22 185
159 56 118
13 147 151
52 167 161
0 86 56
158 58 170
13 148 12
11 110 80
162 49 107
29 9 117
197 32 119
197 64 169
189 157 48
197 191 16
27 58 162
72 72 187
96 111 73
18 117 161
192 35 66
144 13 25
110 21 146
36 133 195
52 91 28
143 47 137
165 12 71
161 199 180
17 94 13
27 39 41
73 181 46
124 3 13
64 23 117
140 143 70
107 109 89
15 193 164
153 43 2
13 2 182
111 89 195
93 185 164
10 80 188
63 171 45
189 132 12
147 22 130
71 95 78
91 168 154
138 117 91
192 89 34
96 25 38
8 16 187
30 193 64
156 17 73
55 48 30
169 83 62
136 125 54
16 47 1
3 9 147
191 116 198
176 83 147
120 86 6
26 160 113
5 64 173
189 183 69
78 61 24
21 125 150
4 83 87
183 195 122
191 0 164
25 77 181
52 48 162
179 113 74
113 100 86
81 78 118
92 179 199
53 62 18
22 51 93
144 196 145
116 174 6
87 37 81
7 103 55
48 127 195
182 130 117
166 92 158
126 151 125
100 169 85
175 5 48
181 194 59
13 17 59
191 91 18
55 179 90
179 67 146
60 97 61
149 63 80
40 40 53
114 172 120
71 196 17
89 149 37
29 102 113
48 75 195
148 18 15
59 79 185
195 155 170
134 51 51
13 32 90
45 119 76
93 125 125
105 125 131
131 140 19
116 124 138
35 89 52
149 89 157
11 100 12
9 132 178
148 177 168
81 175 146
81 99 18
38 141 155
116 92 40
164 78 126
157 144 186
135 78 26
179 145 130
93 35 75
94 96 3
121 140 121
28 145 79
177 99 47
155 71 130
173 197 159
182 31 100
75 87 59
48 23 146
13 134 125
53 198 152
198 40 22
144 116 170
129 151 64
26 150 137
138 107 18
98 146 160
153 137 95
51 29 35
62 119 141
81 147 192
175 30 51
2 105 78
56 39 114
69 80 39
107 124 187
138 139 7
15 187 169
121 17 193
38 100 81
40 6 157
133 87 75
60 198 91
64 75 148
70 51 186
23 11 118
58 34 142
92 84 82
52 86 136
34 83 171
97 199 67
91 138 62
113 179 39
66 138 143
192 107 124
104 45 152
122 81 83
124 54 82
48 28 138
106 198 59
101 75 121
50 186 73
131 162 23
29 14 29
75 55 57
36 79 55
128 46 36
56 15 80
46 39 188
22 29 137
19 158 138
9 99 25
42 69 54
53 141 80
176 154 42
56 196 113
151 142 199
29 108 47
85 111 77
75 115 103
11 181 16
117 106 30
40 176 70
22 171 66
152 95 181
100 116 196
5 150 40
153 163 189
167 44 160
107 9 36
190 10 2
153 37 172
145 78 190
50 82 58
42 87 34
121 92 56
7 22 49
101 115 61
95 65 4
93 63 125
30 19 166
195 75 24
133 20 68
133 160 11
120 162 166
50 49 195
68 32 0
17 66 91
86 152 90
26 105 52
169 137 81
138 173 192
31 158 8
71 78 58
20 153 189
124 73 142
141 24 101
70 56 89
172 36 192
63 85 180
33 161 127
30 45 165
185 65 28
107 177 46
68 7 14
37 158 120
190 169 194
64 155 81
50 105 80
89 151 190
83 41 151
64 80 3
174 100 149
45 42 25
97 37 109
191 186 72
163 63 192
139 34 125
104 81 162
73 127 193
197 36 172
134 124 56
61 16 195
113 120 77
72 48 191
10 18 127
70 49 7
47 86 37
58 93 192
43 164 171
73 117 78
25 189 157
100 49 73
144 177 60
95 162 103
159 92 67
15 148 186
107 33 174
69 148 17
28 34 34
195 187 144
82 188 32
58 167 195
61 3 10
196 172 50
142 196 174
137 36 63
117 3 90
123 73 197
11 66 175
61 5 1
168 92 64
47 41 192
134 94 108
127 159 17
2 107 184
180 174 132
48 2 133
44 10 125
169 82 135
193 78 68
65 37 81
44 122 78
135 7 105
151 199 157
108 120 113
158 129 11
26 142 35
85 67 191
8 14 81
188 46 31
195 19 40
187 191 66
145 36 144
91 87 76
18 136 156
19 60 162
8 85 118
133 119 1
172 76 115
25 47 5
114 42 105
194 107 20
16 154 191
54 141 50
34 152 34
140 124 183
55 178 159
171 86 164
33 154 8
4 111 12
166 33 173
77 153 155
17 86 87
159 82 125
162 27 140
103 17 63
154 77 1
23 174 4
38 45 112
189 86 123
16 153 64
184 167 34
90 122 34
199 110 52
86 171 159
29 89 115
161 97 187
140 183 198
168 50 190
37 69 101
132 27 193
178 172 43
91 62 25
155 132 18
102 65 119
114 104 146
84 127 46
130 188 81
173 66 61
150 25 123
55 174 179
158 39 102
107 181 46
130 179 109
74 113 182
134 37 181
79 8 6
10 34 193
71 74 165
33 128 185
89 46 84
173 117 78
101 121 106
126 12 95
132 107 126
88 50 114
4 105 40
156 59 153
18 141 172
177 192 169
113 139 100
119 179 11
86 140 68
11 129 84
123 25 151
53 184 70
98 87 168
143 91 3
139 8 138
158 48 33
134 105 97
109 196 25
14 44 177
52 114 40
12 38 85
193 67 173
98 191 196
95 92 39
161 93 93
53 89 22
142 46 144
51 191 2
93 28 107
150 42 180
132 59 111
166 130 192
4 147 149
85 143 47
48 66 177
131 35 128
91 30 188
64 161 25
135 97 25
57 165 68
64 13 45
36 92 134
45 173 56
109 118 2
194 162 106
80 180 129
141 122 148
14 31 149
160 19 14
54 125 42
191 143 50
150 60 121
113 15 121
46 18 0
133 46 144
51 142 152
82 116 96
22 82 11
180 7 84
36 36 194
10 158 178
152 81 134
22 66 95
121 67 64
58 133 28
124 34 28
14 165 40
60 83 92
83 57 32
7 25 62
38 113 18
121 152 43
37 126 86
159 166 20
138 188 194
195 67 194
30 0 123
121 173 41
179 86 143
171 79 111
114 32 119
112 111 90
122 158 182
64 117 28
72 98 189
185 31 75
24 142 177
178 110 186
189 119 29
145 29 20
128 50 121
97 33 12
136 193 9
11 158 64
81 86 43
93 74 104
86 44 188
61 106 52
51 96 77
56 3 95
163 34 21
104 35 33
15 103 195
90 47 167
196 79 137
119 80 152
115 9 108
36 24 155
78 7 11
119 108 119
99 21 143
187 178 37
62 117 137
40 73 175
18 159 190
140 15 193
111 118 51
71 190 2
137 179 48
43 174 187
126 92 55
169 156 187
134 180 135
129 157 85
70 95 92
38 178 157
3 57 40
52 25 48
110 176 197
31 154 74
64 32 45
12 144 122
135 4 0
80 189 67
106 180 117
83 199 82
183 125 137
142 66 83
164 180 124
183 185 14
171 17 69
61 151 84
45 174 66
104 87 179
93 148 150
94 35 24
175 110 113
176 137 156
99 169 123
135 193 9
107 47 164
119 8 68
64 161 24
175 109 114
61 145 90
115 57 130
174 70 105
49 173 154
156 57 16
68 178 108
96 189 35
33 99 0
119 122 119
170 115 102
33 158 167
23 139 48
102 37 51
108 109 1
78 88 139
81 11 45
47 42 29
26 107 19
124 192 97
3 27 190
20 141 181
74 182 120
83 50 52
59 83 167
145 86 190
100 46 58
169 81 60
73 47 136
132 79 59
35 97 48
14 39 60
26 156 62
73 17 112
126 134 50
100 165 104
196 57 40
173 10 176
79 4 110
118 105 87
198 29 183
40 70 89
76 148 2
4 193 49
81 119 151
145 62 33
1 56 173
64 33 175
39 53 194
178 43 179
96 84 101
149 188 66
186 148 46
40 138 94
197 56 165
97 1 11
122 59 108
125 150 150
101 120 86
1 17 39
132 84 127
140 160 33
194 123 125
38 61 146
64 117 84
127 153 112
34 48 64
17 26 123
0 43 198
37 180 22
49 84 131
24 73 172
104 179 77
40 185 194
34 59 166
60 98 19
31 98 97
117 56 66
122 76 88
42 114 36
196 37 181
75 70 199
91 151 127
65 70 74
96 70 185
9 151 62
10 135 25
192 55 167
181 190 3
189 2 152
10 141 185
84 3 45
10 20 161
75 144 45
141 0 55
16 187 18
88 130 126
108 93 104
174 80 2
66 172 11
94 145 179
88 119 133
87 27 143
30 135 32
87 72 67
58 55 40
23 48 30
52 188 3
70 114 166
72 133 108
118 196 172
99 15 121
137 87 151
58 138 175
152 2 14
191 125 134
199 39 199
81 22 153
29 45 149
144 1 45
168 21 164
9 93 143
164 154 71
181 9 126
41 180 112
31 9 162
43 91 170
68 31 170
23 174 16
199 25 57
24 165 62
87 193 194
37 3 130
127 113 68
29 51 188
51 29 89
154 82 134
79 56 157
154 178 33
63 155 47
128 164 57
151 103 163
56 66 141
122 69 34
93 49 126
79 69 166
183 18 165
8 21 28
67 111 67
29 59 42
104 91 152
18 57 103
93 53 12
28 88 136
127 113 6
42 137 46
58 26 61
35 85 107
64 113 51
63 146 114
34 139 15
62 23 139
155 138 98
74 125 83
14 176 106
149 149 181
152 112 27
37 152 111
138 179 100
193 198 151
64 34 198
71 199 168
90 149 4
151 3 196
117 188 54
65 104 193
170 47 79
113 79 126
172 174 198
56 81 182
73 94 92
79 4 161
67 114 132
166 5 105
1 20 94
69 121 30
199 142 156
123 2 165
116 52 133
62 113 1
59 49 3
31 186 9
165 122 175
146 124 164
87 12 141
176 78 157
130 98 109
13 177 71
76 46 59
134 49 55
38 67 56
154 4 56
75 165 139
197 190 70
32 77 50
80 59 82
96 38 16
197 48 123
73 70 124
6 29 16
1 103 108
118 184 6
172 6 120
11 4 126
56 192 86
107 104 59
194 193 157
125 145 179
54 90 34
36 111 188
69 166 1
117 7 60
167 101 160
67 188 31
100 89 137
110 180 178
56 198 83
119 135 151
161 101 173
176 158 37
80 69 149
72 138 18
83 12 55
123 192 187
102 156 3
119 3 148
155 103 162
116 186 112
96 40 107
157 135 49
82 182 25
180 176 99
143 12 37
188 62 49
125 169 50
51 35 53
48 179 72
199 47 96
104 37 137
47 136 164
166 117 185
158 105 51
169 89 110
17 92 105
135 32 198
24 85 140
153 144 96
28 109 7
26 90 24
126 6 71
105 115 188
22 173 117
14 76 132
89 26 144
35 104 62
65 71 111
156 78 199
167 163 62
119 143 36
188 27 24
136 145 137
154 0 108
31 82 36
20 115 2
51 19 105
63 96 98
44 7 4
15 43 123
19 179 127
66 127 75
71 85 29
82 106 31
34 122 77
183 148 108
94 146 160
189 79 140
49 15 86
123 107 34
144 108 139
66 133 145
160 87 194
97 196 47
104 183 48
170 136 44
189 12 31
119 148 99
171 95 141
31 31 75
23 150 14
22 40 74
103 183 89
10 120 58
199 12 26
45 139 142
178 179 63
6 177 10
6 170 99
191 113 157
191 6 31
190 48 106
67 176 46
101 26 21
45 104 103
194 138 165
74 116 182
71 141 92
165 118 174
90 7 109
145 36 54
61 113 29
96 104 50
123 4 189
53 130 133
125 112 0
183 159 142
81 32 196
80 70 180
58 6 13
24 64 181
131 95 92
42 46 5
140 74 31
166 87 70
168 73 148
196 137 47
171 105 115
16 184 92
134 2 32
86 69 9
115 138 36
29 177 131
176 108 15
164 20 3
171 116 165
187 105 93
26 154 183
78 92 74
65 133 193
185 145 68
166 40 99
43 126 192
151 194 9
169 18 39
186 38 134
175 139 133
169 104 82
162 124 19
199 196 196
35 186 178
1 189 8
149 184 167
40 130 75
198 41 44
150 153 146
128 176 17
65 108 14
152 79 29
70 83 116
195 49 47
92 98 178
117 89 97
64 13 127
46 40 174
56 22 101
33 104 87
88 13 190
6 170 49
181 195 199
92 114 195
67 22 112
175 9 187
191 87 129
176 74 5
168 4 138
109 28 137
190 126 160
46 47 155
158 118 192
85 94 106
120 82 48
71 94 69
12 2 159
45 79 3
133 173 147
63 31 17
13 91 130
62 140 160
62 114 157
121 21 63
101 165 138
52 85 172
40 39 150
0 116 136
114 68 94
135 57 72
159 86 184
109 139 22
58 21 43
169 156 39
128 16 56
75 137 158
10 59 143
49 111 88
69 143 128
127 16 132
96 60 185
4 75 135
95 164 180
198 199 155
41 6 97
156 61 13
75 14 49
69 161 47
89 98 199
152 187 37
112 101 40
93 174 37
192 43 71
11 3 45
184 169 74
193 165 184
97 196 114
184 167 13
114 9 73
176 147 103
66 34 142
22 5 164
133 186 116
62 119 157
177 11 163
10 88 75
8 102 74
78 35 143
179 75 9
156 157 53
193 89 116
72 101 78
79 151 72
100 172 107
10 111 114
73 149 80
68 108 196
76 131 27
56 85 153
77 134 45
42 183 99
34 52 170
15 7 110
44 17 50
143 106 185
110 8 13
167 5 61
104 45 6
80 120 124
4 38 142
84 71 90
166 20 189
91 130 113
30 14 178
14 125 37
153 1 192
53 169 187
52 103 52
189 105 195
138 36 29
172 154 13
71 86 48
114 160 133
36 101 199
158 51 25
168 170 121
56 160 42
26 66 192
163 16 22
92 180 0
130 75 93
4 162 24
153 180 161
5 25 102
58 121 110
73 44 46
192 151 12
0 195 1
42 188 196
60 104 9
126 5 174
172 139 168
169 7 90
4 178 122
101 118 60
22 2 143
102 169 147
194 87 50
87 146 57
49 122 57
172 124 2
106 45 24
145 66 106
51 149 153
41 174 146
181 122 151
86 127 114
141 110 113
156 182 97
97 67 35
171 19 120
8 161 184
111 165 192
60 20 99
155 176 194
31 52 27
158 110 159
141 187 191
98 112 181
162 63 26
26 74 132
94 143 9
116 87 81
184 146 164
153 122 122
170 91 130
120 188 145
58 176 95
143 93 154
124 6 178
57 35 0
37 100 64
119 189 148
3 39 96
177 192 34
196 160 190
142 115 82
176 88 25
141 102 178
138 186 59
122 140 118
189 27 93
109 176 114
157 195 172
79 60 119
36 44 177
107 175 125
156 110 101
148 134 8
189 160 190
137 177 75
22 33 26
28 111 32
178 55 80
148 109 91
154 3 194
196 14 66
119 33 167
77 184 7
97 162 182
140 167 190
64 58 184
13 162 149
190 91 56
187 120 105
147 173 181
188 172 198
20 34 47
84 23 145
174 91 150
75 193 180
91 99 132
127 186 64
47 50 32
121 152 17
105 63 16
172 54 18
8 145 57
86 141 186
58 93 43
1 12 106
91 73 65
99 50 163
134 21 24
78 132 145
80 141 58
41 135 125
10 94 62
152 122 179
77 100 68
117 90 45
101 84 135
52 63 107
172 11 108
17 104 6
34 122 169
124 65 91
174 16 85
191 75 54
48 83 47
139 177 43
66 124 68
159 149 3
163 198 109
189 18 120
11 116 178
13 167 17
151 167 31
193 37 67
184 187 29
160 139 4
138 115 154
68 47 80
136 98 82
122 103 199
106 191 133
165 20 48
157 32 44
184 170 79
48 71 176
22 80 143
180 30 8
166 28 163
175 44 35
42 11 179
49 107 196
60 131 89
75 77 114
36 148 150
133 197 197
132 15 154
168 171 190
167 27 174
108 171 90
48 10 11
88 112 113
27 44 164
94 165 120
59 179 14
179 49 127
139 79 27
56 19 37
195 10 66
153 14 42
104 42 138
71 144 63
149 66 88
17 153 11
83 150 82
152 92 71
62 86 5
124 2 27
86 9 32
39 117 179
24 36 98
49 154 153
129 95 139
180 69 160
168 2 40
6 88 153
170 186 127
77 93 172
57 29 139
35 2 94
111 2 192
11 88 72
47 88 12
31 189 79
2 108 125
132 7 156
121 194 117
140 77 4
146 117 75
199 38 80
67 84 152
143 73 197
170 5 127
59 30 87
179 101 90
174 112 63
27 113 149
49 198 137
176 177 6
24 28 59
88 73 45
191 198 90
100 87 169
34 79 165
122 154 38
5 69 29
84 63 145
64 55 22
2 174 199
90 73 186
6 25 109
153 171 102
19 75 61
154 6 155
51 66 30
133 124 2
85 20 129
180 8 81
116 94 59
65 10 83
25 49 44
51 102 127
60 121 170
113 59 75
66 138 5
176 94 114
125 130 98
95 157 24
64 7 177
86 169 97
91 172 67
193 15 89
186 153 2
99 115 123
86 195 7
150 35 65
105 174 93
44 182 46
96 8 164
153 12 52
16 54 147
133 94 92
177 26 11
54 38 115
16 44 41
191 3 166
189 41 77
176 53 86
47 5 176
152 101 140
162 157 3
96 166 5
64 148 79
139 132 38
64 127 185
184 113 151
55 148 10
18 113 126
95 60 141
185 158 11
178 111 106
20 188 46
39 91 99
160 7 193
68 25 140
1 17 104
143 127 94
167 62 68
11 171 30
162 24 72
2 187 87
144 51 126
107 108 57
74 130 25
174 89 129
113 17 115
192 104 61
9 60 17
103 105 26
121 4 139
103 162 90
76 68 124
75 177 0
112 6 69
103 65 100
114 117 62
58 133 80
82 95 56
35 114 141
191 116 101
92 145 110
159 38 94
78 54 81
48 171 2
75 104 186
103 134 42
30 140 167
190 7 110
125 99 149
91 104 188
62 73 155
100 44 132
119 119 96
110 178 58
166 144 135
135 63 95
186 45 56
103 170 68
42 167 129
155 131 170
133 87 189
30 141 121
16 5 118
42 55 194
153 128 24
98 16 83
56 51 147
163 133 9
166 87 12
175 159 20
99 54 192
80 106 0
96 177 113
0 31 133
7 15 126
81 22 74
20 68 155
15 58 181
38 199 188
16 48 69
5 119 86
63 192 119
163 159 69
110 120 14
128 110 86
82 190 136
163 103 139
15 135 73
175 105 124
123 162 164
151 136 104
42 0 157
54 199 35
139 121 91
40 14 168
63 8 11
197 32 180
188 174 141
176 193 136
98 145 138
67 199 82
135 188 154
10 175 56
12 182 102
84 178 159
152 101 152
155 64 49
91 55 186
178 131 166
133 26 176
158 47 109
112 153 186
89 103 73
97 87 76
76 63 161
21 175 104
77 100 194
79 32 63
53 144 42
76 7 89
125 40 194
