30
97345557522050391995336265652421298131379993377569575
42624489517817025622737768468120863273665556342184716
50808324630059722120074809669562572283347304091301559
47643563557327380406740057396857406063008930850448165
81457663225868052743218809068517894853124968535715030
44362486066797213901656720141995292567182319776068651
17576900560883517833498724256252835098236076945137267
24013134042778359636716771702337867774215388246225258
82128594245069863604162332882469090612975740025074194
77382644859720987107854669067710139283033330201927638
26966410307310409194802722459754566312026022302265876
70365653671854127110793437208652317800455354647262756
80864852799286720730962956129016138925473530374001395
51658529412972160471673622876022359908767656375413621
71740779905518168548381380341944771484318922494288320
72498696338483892075821199565822411500079356008948985
86478056208003279838201628106330078287770151526646469
24962890627015912185209744722627453888451284425276018
46692319206483530143583448114540841731899314776320631
01611013714861731872961283158754546837659032084067053
88791033081141253604169806318206720904939164336020325
02188627727769070507883099731019981772883187862944865
82627469208289915899592418943930058957024711491601220
95697470569873187211042782581241377730318547524966532
25471866121485819198564586779017308365572852817392909
22799256132545993613573880258531703170415867095473543
59370110908324631678471751662194420472912379638747199
72503311869856636899579204281790721306665246278783853
34247187124711432571884374052508360251731263343032970
62879694503417940524874078412725435969310014705632943
